22760725779334414475948910158779474054395692340651323517249485312182256620379054691648041393022029

9521651023449965519405564118547355094880066777565423238991085675906554459642294029683201863865856036

117977236005433096641650532201351498354240237009719364748335161218736716262673084374849905258878065

-7245578446356621375-353924983-4043964633610985415891000397383619059437220321914975-8446178472834007

0

-13-784915685619898604532660933-668674032128262785-88693228930422896-123437850-576549105291459603552645985

0

0

0

0
