372915092855470244241414917562064923593214125495860999475488108687035409643268097899397401743517393400280356415203677444742476780562224472222470125604137189551277980367362171212444672256787723591771168814495465407023896586196416439565470046954634404630336051486169267280531990390968431182699676027255363562594642649230639864934853972526869074174605377015911258882906852142925339681507079804771460327787943154804698633285400302909727925027838598593123947971826134332163618347004108619167175518395121825556034255391119336496397044132552603599551297011521481105351991537521705294514299963686359837648651657922072116816409676867879080097521542472312143230487291626846272595887082255648686411482583775961323726850021938955882516194447658004039542751058958130019293132658464960222554995431614716740723895425209789775473715004668855444291240639911613631879542764207788151538410067602495753941387332622510027115559538659227916526367307536124261995940902191801615884809192434029710130888164

318956646248781109122722714740249154457129139328117631210139755183236974267609213743829302511376449515674273975676687352572518277600691452752596601664144527083407266659844566250423813943232242057305594977312449085702581443824349936155277152792454585757484257041141029835379145524111942265633430224878927139049629547150577623063448822694988543809973633640950772525817624915439761775380446812186276810859341697511377179372125187496569012066512508747121545329655991775552998807875858236937481862057188279161662451314459812484154142724793589312528077097592457239094863799247262286335832363241833419204707417823702749637657792843941390441602592846321540321175323645066390207072702837282653498216927915565537034525980154519486877187154687626337783626339617858221495213199943168484417262497865396264716914745633261965792454473692176653573119278858592798544496582295593603722069526042313029145887205864682689987509273999394998643955841555452078844343420535005716171851950160830905189633921255113060

691871739142513533641376323231407805034326482397863067650208425359107070029019273780331955489384291595463039088036479731499558162915924975066727268281716634685247027206737462867148620001996564907676379180791449272297110244399158011182415748791802622517862189757956563432344563208785367460426985151480774675575973642884021712797362420257234551719687411109885114646693436869015172195517610233991414137221129059354704270066521778754180456929636860643394012667425311887463499055762690971291536172411394974172227938683710028206505397689261419161276283946039722050148383714622463991630346663205489701758055725836159099613192987605372929844257780827104466175348019656133485293303157365753830217723317537533251502717944803547133824654387740921029177876658823689171796252324930758269493774850528608278794336554695286871754933522283958916581800048232877168625356579454835478801428483411961540359613678125882142324976027671095095259878633280888095979558467345998063910321117493118243523663631386001224

053958446666891351186922028218157691360849861677433682744741331687117122165071765250144715-467859056-115393917-5604730109216995850296153319469874-476060007-337532130713707518-395037979-14168645548153447-442616282301632132-219178521529170780126985190300885471-44506519074758969-73259465149849009-638064335353936265-34236831-206582713755858997170302801469317724201292084-599369886436059895-83785654239858615-622075815377340367392683956414842794403780436271351112190849468-637730432-231362624382455263-674581011312676294-90610211123945138-214765775431933897-670892852-58005809375719587-438838720-605810413-180632782830179172415774797-149553795-601682516284651756-62737742-159841889112954927120207252-111383201-70270048155897897922194076227425201-543255913110644648-831497577-795867969332007367-651939068-105100195429600571300353500-1740218621632440-915567189-884616489-662337344-294687346466647809-76393273-12907109115279776143623695294560433-252582712-878390448219669501-2815348192690056645883741-526717886276500141344395789-124224896

0

5-191680139-311514855-21200676856964618653840978313477360244363750244588341-237175491494263446107799281169492522-705742342-370917606-213514709-48883778317348412251448701940778239738113648638888390-131333930231648886149804966-39939117922505955908670850148114987413230134235687205134013061-309333552-257858702310598067-712214198-148242361498211480-262141710-153947091-59714242-72851480-442665918366396844-812302294-98118850-451003785255231241369715879780353375326562083694093732-257199522858910936234951611-329994846143747710-355664388503281395-395881909-431718952-81425750-30415034299549708321476311-194567881-218265926523956721318066173-78386423-39268262-751905688-27953942152628365456397145867260776373120679-379836093759106217-178522343-572464597-84572870103805489-618229355-551340510174604314-3685205116384260461426692555023147163926804197516976-822156832-732082933-255819245701865949-155090750-273243782181973934-231030380-110256856530508198117344602-64122135798566918470060346-278495625287708383138365844437809475122821288-117561628

0

0

0

0
